
% Sample   Time     Commanded Pos   Encoder 1 Pos   Encoder 2 Pos 

closed= [    0    0.000            1000               0               0;
     1    0.009            1000             108               1;
     2    0.018            1000             372              14;
     3    0.027            1000             568              63;
     4    0.035            1000             611             160;
     5    0.044            1000             589             285;
     6    0.053            1000             585             411;
     7    0.062            1000             603             511;
     8    0.071            1000             648             566;
     9    0.080            1000             728             572;
    10    0.089            1000             821             531;
    11    0.097            1000             912             467;
    12    0.106            1000             975             402;
    13    0.115            1000             997             356;
    14    0.124            1000             983             342;
    15    0.133            1000             941             358;
    16    0.142            1000             894             401;
    17    0.151            1000             848             453;
    18    0.159            1000             822             499;
    19    0.168            1000             821             526;
    20    0.177            1000             847             530;
    21    0.186            1000             881             509;
    22    0.195            1000             921             475;
    23    0.204            1000             952             438;
    24    0.213            1000             962             410;
    25    0.221            1000             955             399;
    26    0.230            1000             934             402;
    27    0.239            1000             910             422;
    28    0.248            1000             884             449;
    29    0.257            1000             867             474;
    30    0.266            1000             864             491;
    31    0.274            1000             874             495;
    32    0.283            1000             890             488;
    33    0.292            1000             909             471;
    34    0.301            1000             927             451;
    35    0.310            1000             935             435;
    36    0.319            1000             934             426;
    37    0.328            1000             924             425;
    38    0.336            1000             913             434;
    39    0.345            1000             899             448;
    40    0.354            1000             888             462;
    41    0.363            1000             885             472;
    42    0.372            1000             888             476;
    43    0.381            1000             896             475;
    44    0.390            1000             903             467;
    45    0.398            1000             914             457;
    46    0.407            1000             920             447;
    47    0.416            1000             921             441;
    48    0.425            1000             917             440;
    49    0.434            1000             911             441;
    50    0.443            1000             907             448;
    51    0.452            1000             899             456;
    52    0.460            1000             896             462;
    53    0.469            1000             896             465;
    54    0.478            1000             900             466;
    55    0.487            1000             903             464;
    56    0.496            1000             907             458;
    57    0.505            1000             913             453;
    58    0.514            1000             913             449;
    59    0.522            1000             913             447;
    60    0.531            1000             910             447;
    61    0.540            1000             908             449;
    62    0.549            1000             904             453;
    63    0.558            1000             902             457;
    64    0.567            1000             901             460;
    65    0.576            1000             902             460;
    66    0.584            1000             905             460;
    67    0.593            1000             905             459;
    68    0.602            1000             906             456;
    69    0.611            1000             911             453;
    70    0.620            1000             911             451;
    71    0.629            1000             909             451;
    72    0.638            1000             908             451;
    73    0.646            1000             908             452;
    74    0.655            1000             905             455;
    75    0.664            1000             903             457;
    76    0.673            1000             903             458;
    77    0.682            1000             905             458;
    78    0.691            1000             905             458;
    79    0.699            1000             905             457;
    80    0.708            1000             907             455;
    81    0.717            1000             910             453;
    82    0.726            1000             910             453;
    83    0.735            1000             906             453;
    84    0.744            1000             906             453;
    85    0.753            1000             908             454;
    86    0.761            1000             905             455;
    87    0.770            1000             902             457;
    88    0.779            1000             905             457;
    89    0.788            1000             906             457;
    90    0.797            1000             906             457;
    91    0.806            1000             905             455;
    92    0.815            1000             908             454;
    93    0.823            1000             909             453;
    94    0.832            1000             908             453;
    95    0.841            1000             907             453;
    96    0.850            1000             907             453;
    97    0.859            1000             907             455;
    98    0.868            1000             905             456;
    99    0.877            1000             904             456;
   100    0.885            1000             905             456;
   101    0.894            1000             907             456;
   102    0.903            1000             906             456;
   103    0.912            1000             905             455;
   104    0.921            1000             908             454;
   105    0.930            1000             909             454;
   106    0.939            1000             907             454;
   107    0.947            1000             906             454;
   108    0.956            1000             907             454;
   109    0.965            1000             907             455;
   110    0.974            1000             905             456;
   111    0.983            1000             904             456;
   112    0.992            1000             906             456;
   113    1.001            1000             908             456;
   114    1.009            1000             905             456;
   115    1.018            1000             905             455;
   116    1.027            1000             909             454;
   117    1.036            1000             909             454;
   118    1.045            1000             906             454;
   119    1.054            1000             906             454;
   120    1.063            1000             907             455;
